Test01 : 
    4 3
    1 1 1 1
    1 1 0 0
    0 0 1 1

    0 0 2 2

Test02 : 
    10 10
    0 0 1 0 0 0 0 0 0 1
    0 0 1 0 1 0 0 1 1 0
    0 0 0 0 0 0 0 1 1 0
    1 1 1 0 0 0 0 0 1 0
    1 1 1 0 0 0 0 0 0 0
    0 0 0 0 0 0 0 0 0 0 
    0 0 0 0 0 0 0 0 0 0 
    0 0 0 0 0 0 0 0 0 0 
    0 0 0 0 0 1 1 0 0 0 
    0 0 0 0 0 1 1 0 0 0 

    0 3 2 2
    0 3 3 2
    1 3 2 2
    5 8 2 2
    7 1 2 2

Test03 : 
    5 5 
    1 1 1 1 1
    0 0 1 1 1
    1 1 0 0 0
    1 1 0 1 1
    1 1 1 1 1

    0 2 2 2
    0 2 2 3
    0 3 2 2
    2 0 2 2
    2 0 3 2
    3 0 2 2
    3 3 2 2